# kappa

Optimized Parameters:

omega:0.010903350096810444 +- 3.517976039532706e-06
X0:52.275427381121304 +- 0.017107527017377354
A:-62.272845535972365 +- 0.22734681587791516
Beta:2.95097808267608e-05 +- 9.616025080825114e-08
Delta:-0.6717149359279403 +- 0.00429761651300866
T:576.2619058721783 +- 0.18593143936071663

# A1A2:

Optimized Parameters:

omega:0.01083799701169292 +- 3.044350462743362e-06
X0:48.975962525614285 +- 0.015786258583315192
A:-94.01027795488987 +- 0.4820067105560879
Beta:2.8708938035802493e-05 +- 9.39970731830296e-08
Delta:-0.1563895630430689 +- 0.004968414466907701
T:579.7367632045637 +- 0.16284576212994062 

# B1B2:

Optimized Parameters:

omega:0.01084555744574495 +- 4.851561103467794e-06
X0:56.403396896866255 +- 0.03225825083007209
A:144.01844998342187 +- 1.0274783914180166
Beta:2.974506640440705e-05 +- 1.3517670591390454e-07
Delta:-2.7813857345754474 +- 0.008031003669195496
T:579.3326289230689 +- 0.2591538205862913 

----------------------------------------------------------------
T       = 576.2619058721783   +- 1.168241687934007      [s]
Delta_X = 0.07427434371251967 +- 0.0003591379549247252  [m]
L       = 2.585               +- 0.00957427107756339    [m]

G_calculated    = 6.653724165738835e-11 +- 4.0753408593265033e-13
G_actual_value  = 6.67430e-11
Error           = 0.308285%
----------------------------------------------------------------
kappa = 1.6980065079340424e-10