# kappa

Optimized Parameters:

omega: 0.010904174615583979
X0: 52.277579056026255
A: -62.15815838113127
Beta: 2.9473884769053155e-05
Delta: -0.6730091515498889
T: 576.2183318487777

# A1A2:

Optimized Parameters:

omega: 0.010844427408394452
X0: 48.93245897603636
A: -96.07745129472207
Beta: 2.910974384605663e-05
Delta: -0.16644838428262135
T: 579.3929979480429

# B1B2:

Optimized Parameters:

omega: 0.01084555744574495
X0: 56.403396896866255
A: 144.01844998342187
Beta: 2.974506640440705e-05
Belta: -2.7813857345754474
T: 579.3326289230689

----------------------------------------------------------------
Delta_X: 0.07470937920829897 [m]
L = 258.50 +- 0.96           [m]
T = 576.2183318487777        [s]

G_calculated    = 6.6937082342955e-11
G_actual_value  = 6.67430e-11
Error           = 0.290791%
----------------------------------------------------------------
kappa = 1.6982633264653869e-10